s11 = [20136.89648 20127.00391 20097.49805 20048.30273 19979.59375 19891.60254 19784.58203 19658.57715 19514.16113 19351.40234 19170.98340 18973.29199 18758.65625 18527.80664 18281.16699 18019.37793 17743.10449 17452.95312 17149.51172 16833.80371 16506.29004 16167.88184 15819.36914 15461.40039 15094.94141 14720.80518 14339.88867 13952.87646 13560.69238 13164.20166 12764.22900 12361.68408 11957.22900 11551.93018 11146.45166 10741.64648 10338.28516 9937.06689 9538.84814 9144.27783 8754.15869 8369.04590 7989.57715 7616.49219 7250.21631 6891.44385 6540.56543 6198.17603 5864.63232 5540.40039 5225.83765 4921.26245 4626.96973 4343.24292 4070.30945 3808.33887 3557.50293 3317.85205 3089.51990 2872.50244 2666.83740 2472.49902 2289.38098 2117.40979 1956.46313 1806.37921 1666.96136 1538.02826 1419.31134 1310.56470 1211.50647 1121.83301 1041.21866 969.32135 905.79681 850.27316 802.37265 761.70816 727.87915 700.48816 679.12689 663.38440 652.85074 647.11499 645.77216 648.41251 654.64386 664.06787 676.30255 690.96991 707.70639 726.15997 745.98520 766.85635 788.45874 810.49463 832.67850 854.74768 876.44669 897.54633 917.82773 937.09738 955.16885 971.88510 987.09732 1000.68271 1012.52936 1022.54370 1030.65204 1036.79547 1040.93036 1043.03094 1043.08276 1041.08844 1037.06372 1031.03632 1023.04605 1013.14859 1001.40036 987.87817 972.66107 955.83771 937.50580 917.76642 896.72739 874.50146 851.20624 826.95731 801.87939 776.09259 749.71973 722.88141 695.70358 668.30161 640.79416 613.29669 585.91913 558.76923 531.94762 505.55383 479.67776 454.40685 429.82175 405.99648 382.99739 360.88727 339.71744 319.53886 300.38867 282.30206 265.30528 249.41879 234.65492 221.02128 208.51857 197.14029 186.87553 177.70797 169.61444 162.56805 156.53699 151.48532 147.37281 144.15586 141.78792 140.21933 139.39812 139.27040 139.78053 140.87190 142.48650 144.56640 147.05318 149.88888 153.01566 156.37704 159.91736 163.58266 167.32044 171.08062 174.81487 178.47737 182.02496 185.41732 188.61685 191.58899 194.30265 196.72948 198.84443 200.62597 202.05585 203.11852 203.80262 204.09926 204.00307 203.51138 202.62479 201.34660 199.68331 197.64291 195.23672 192.47812 189.38255 185.96729 182.25137 178.25587 174.00228 169.51404 164.81541 159.93129 154.88739 149.70934 144.42403 139.05701 133.63518 128.18399 122.72882 117.29480 111.90575 106.58525 101.35531 96.23722 91.25051 86.41410 81.74528 77.25965 72.97169 68.89386 65.03731 61.41176 58.02495 54.88325 51.99110 49.35164 46.96642 44.83528 42.95669 41.32761 39.94376 38.79946 37.88776 37.20063 36.72893 36.46259 36.39059 36.50118 36.78186 37.21962 37.80077 38.51144 39.33735 40.26397 41.27681 42.36121 43.50271 44.68696 45.89981 47.12754 48.35685 49.57476 50.76904 51.92787 53.04017 54.09561 55.08456 55.99818 56.82842 57.56812 58.21097 58.75157 59.18522 59.50834 59.71808 59.81257 59.79061 59.65204 59.39740 59.02803 58.54598 57.95412 57.25589 56.45539 55.55729 54.56688 53.48987 52.33233 51.10090 49.80238 48.44396 47.03302 45.57709 44.08385 42.56100 41.01630 39.45742 37.89209 36.32770 34.77158 33.23097 31.71256 30.22306 28.76863 27.35517 25.98825 24.67288 23.41382 22.21532 21.08113 20.01456 19.01848 18.09518 17.24662 16.47414 15.77865 15.16061 14.62000 14.15636 13.76878 13.45596 13.21615 13.04731 12.94697 12.91235 12.94040 13.02774 13.17075 13.36566 13.60841 13.89481 14.22056 14.58125 14.97237 15.38936 15.82769 16.28279 16.75014 17.22529 17.70391 18.18167 18.65449 19.11842 19.56961 20.00450 20.41967 20.81195 21.17839 21.51631 21.82325 22.09704 22.33573 22.53774 22.70169 22.82646 22.91126 22.95552 22.95899 22.92165 22.84375 22.72577 22.56845 22.37273 22.13976 21.87097 21.56788 21.23223 20.86595 20.47106 20.04973 19.60431 19.13712 18.65069 18.14752 17.63019 17.10136 16.56364 16.01966 15.47208 14.92346 14.37635 13.83328 13.29663 12.76878 12.25197 11.74834 11.25992 10.78865 10.33627 9.90444 9.49466 9.10827 8.74646 8.41029 8.10060 7.81815 7.56345 7.33694 7.13882 6.96918 6.82794 6.71488 6.62960 6.57160 6.54024 6.53470 6.55409 6.59739 6.66347 6.75109 6.85894 6.98561 7.12962 7.28945 7.46348 7.65009 7.84760 8.05431 8.26851 8.48848 8.71249 8.93886 9.16588 9.39191 9.61534 9.83458 10.04812 10.25451 10.45235 10.64033 10.81721 10.98184 11.13315 11.27018 11.39207 11.49800 11.58734 11.65953 11.71410 11.75068 11.76906 11.76907 11.75071 11.71403 11.65922 11.58657 11.49644 11.38931 11.26574 11.12638 10.97196 10.80331 10.62129 10.42686 10.22104 10.00488 9.77951 9.54610 9.30580 9.05987 8.80955 8.55608 8.30077 8.04485 7.78961 7.53631 7.28616 7.04039 6.80017 6.56666 6.34094 6.12408 5.91707 5.72083 5.53627 5.36417 5.20529 5.06026 4.92968 4.81405 4.71377 4.62920 4.56057 4.50804 4.47168 4.45146 4.44730 4.45898 4.48624 4.52872 4.58597 4.65747 4.74263 4.84079 4.95119 5.07305 5.20551 5.34766 5.49853 5.65712 5.82238 5.99324 6.34732 6.52828 6.71033 6.89232 7.07312 7.25158 7.42661 7.59711 7.76201 7.92030 8.07099 8.21314 8.34587 8.46835 8.57982 8.67955 8.76695 8.84143 8.90251 8.94978 8.98294 9.00171 9.00596 8.99562 8.97068 8.93125 8.87751 8.80973 8.72825 8.63351 8.52601 8.40632 8.27511 8.13310 7.98106 7.81985 7.65035 7.47352 7.29036 7.10189 6.90917 6.71330 6.51538 6.31655 6.11793 5.92065 5.72585 5.53464 5.34811 5.16734 4.99336 4.82717 4.66976 4.52200 4.38478 4.25888 4.14505 4.04394 3.95615 3.88221 3.82254 3.77752 3.74740 3.73239 3.73259 3.74801 3.77858 3.82414 3.88443 3.95915 4.04786 4.15008 4.26523 4.39266 4.53165 4.68140 4.84108 5.00977 5.18651 5.37030 5.56008 5.75477 5.95325 6.15438 6.35702 6.56000 6.76215 6.96231 7.15934 7.35210 7.53949 7.72042 7.89385 8.05880 8.21431 8.35949 8.49350 8.61558 8.72502 8.82120 8.90357 8.97166 9.02508 9.06353 9.08679 9.09475 9.08736 9.06466 9.02680 8.97401 8.90660 8.82496 8.72958 8.62101 8.49988 8.36690 8.22285 8.06856 7.90491 7.73287 7.55341 7.36758 7.17644 6.98108 6.78262 6.58219 6.38095 6.18001 5.98053 5.78362 5.59040 5.40192 5.21926 5.04342 4.87534 4.71597 4.56614 4.42668 4.29830 4.18167 4.07740 3.98599 3.90789 3.84346 3.79295 3.75658 3.73442 3.72652 3.73279 3.75310 3.78720 3.83477 3.89542 3.96867 4.05398 4.15073 4.25824 4.37577 4.50252 4.63762 4.78020 4.92932 5.08400 5.24325 5.40605 5.57137 5.73818 5.90542 6.07207 6.23709 6.39949 6.55827 6.71250 6.86126 7.00365 7.13889 7.26617 7.38479 7.49409 7.59349 7.68247 7.76058 7.82744 7.88276 7.92631 7.95797 7.97766 7.98541 7.98131 7.96554 7.93836 7.90008 7.85111 7.79191 7.72301 7.64502 7.55858 7.46438 7.36317 7.25577 7.14299 7.02568 6.90474 6.78107 6.65558 6.52918 6.40281 6.27738 6.15378 6.03290 5.91558 5.80267 5.69493 5.59312 5.49793 5.41000 5.32994 5.25824 5.19538 5.14175 5.09767 5.06339 5.03908 5.02484 5.02068 5.02655 5.04231 5.06775 5.10259 5.14645 5.19892 5.25948 5.32758 5.40259 5.48382 5.57055 5.66197 5.75728 5.85559 5.95604 6.05769 6.15959 6.26082 6.36040 6.45739 6.55082 6.63979 6.72336 6.80066 6.87082 6.93304 6.98655 7.03062 7.06459 7.08786 7.09990 7.10024 7.08849 7.06431 7.02749 6.97786 6.91534 6.83995 6.75177 6.65100 6.53789 6.41280 6.27614 6.12843 5.97027 5.80229 5.62524 5.43992 5.24718 5.04793 4.84314 4.63383 4.42105 4.20587 3.98941 3.77279 3.55716 3.34367 3.13347 2.92767 2.72743 2.53383 2.34793 2.17077 2.00334 1.84657 1.70135 1.56849 1.44875 1.34282 1.25128 1.17467 1.11342 1.06789 1.03834 1.02492 1.02772 1.04672 1.08180 1.13275 1.19926 1.28094 1.37731 1.48780 1.61173 1.74838 1.89693 2.05650 2.22613 2.40481 2.59147 2.78500 2.98424 3.18800 3.39506 3.60418 3.81411 4.02359 4.23140 4.43626 4.63697 4.83232 5.02117 5.20238 5.37490 5.53769 5.68981 5.83037 5.95854 6.07362 6.17493 6.26190 6.33409 6.39108 6.43263 6.45854 6.46871 6.46319 6.44209 6.40563 6.35414 6.28804 6.20784 6.11417 6.00772 5.88926 5.75969 5.61993 5.47101 5.31399 5.15003 4.98030 4.80604 4.62852 4.44903 4.26888 4.08943 3.91200 3.73792 3.56851 3.40508 3.24890 3.10122 2.96322 2.83605 2.72081 2.61852 2.53011 2.45649 2.39844 2.35667 2.33180 2.32434 2.33471 2.36325 2.41015 2.47553 2.55940 2.66164 2.78207 2.92034 3.07605 3.24868 3.43760 3.64211 3.86139 4.09455 4.34063 4.59857 4.86726 5.14553 5.43210 5.72572 6.02504 6.32875 6.63537 6.94356 7.25189 