I_R = [0.267820 0.938580 0.173381 0.990387 0.839529 0.000000 -0.545921 -0.876029 -0.899779 0.932724 0.000000 0.942566 -0.357844 0.322938 0.992017 0.925811 0.000000 0.830098 -0.081490 -0.355877 0.842746 -0.251394 -0.989195 -0.348462 0.344961 0.545024 0.743834 0.913536 0.074931 -0.315639 -0.655272 0.905627 -0.143475 0.538455 -0.699065 0.801309 0.500044 -0.742681 0.920701 0.385809 0.370191 0.478239 0.816945 -0.965948 -0.848452 0.986954 0.134365 -0.724245 -0.889326 -0.786655 -0.316792 -0.367368 0.461489 -0.185476 -0.772253 0.002709 0.931113 -0.962524 0.372538 0.543269 0.655497 0.925205 0.518570 -0.516457 0.283497 0.875658 -0.513243 -0.992692 0.929688 -0.300495 -0.045059 -0.879136 -0.707146 -0.352404 0.708714 0.441122 -0.798702 0.100653 0.000000 0.565288 0.561224 -0.741744 -0.752412 0.379530 -0.467070 0.745886 -0.931395 0.353685 0.874440 -0.887935 -0.658766 -0.321827 0.000000 0.457304 0.000000 -0.354263 0.326775 0.864526 -0.407931 0.464742 ;
0.979070 0.000000 0.000000 0.000000 0.000000 0.000000 0.000000 0.000000 0.000000 0.000000 0.000000 0.000000 0.965140 0.000000 0.953890 0.000000 0.000000 0.000000 0.000000 0.000000 0.000000 0.000000 0.000000 0.000000 0.000000 0.807615 0.000000 0.000000 0.000000 0.000000 -0.325518 0.000000 0.645460 0.599350 0.000000 0.000000 0.214692 0.000000 0.000000 -0.744709 0.000000 0.845283 -0.637592 0.684402 0.208921 0.763767 0.000000 0.000000 0.476456 -0.284879 0.000000 0.218099 0.000000 -0.164831 -0.562870 -0.947091 0.000000 0.000000 -0.473786 -0.139294 -0.700457 -0.857697 -0.484681 0.595281 0.000000 0.000000 0.000000 0.000000 0.000000 0.000000 0.871177 0.000000 0.000000 0.000000 0.000000 0.000000 0.000000 0.698705 0.000000 0.000000 0.000000 0.000000 0.000000 0.000000 0.000000 0.000000 0.000000 0.000000 0.000000 -0.874456 0.000000 0.000000 0.000000 0.000000 0.000000 0.000000 0.967569 0.000000 0.729728 -0.285946 ;
0.000000 0.000000 0.000000 0.000000 0.000000 0.000000 0.000000 0.000000 0.992215 0.000000 0.982446 0.000000 0.000000 0.000000 -0.963046 0.000000 0.947993 0.000000 0.915184 0.000000 0.000000 0.000000 0.871413 -0.378737 0.000000 0.815735 0.000000 0.000000 0.000000 0.000000 0.000000 0.232365 0.000000 0.000000 0.000000 0.144219 0.542336 0.000000 0.453323 0.000000 0.568271 0.000000 0.000000 0.000000 0.000000 0.178399 0.148306 0.111873 0.719595 0.645234 -0.040951 0.946267 -0.833066 -0.142417 0.000000 0.000000 0.128068 0.967969 -0.352701 0.000000 0.000000 -0.440557 0.848342 0.000000 0.000000 0.000000 0.000000 0.000000 0.000000 0.000000 -0.714578 -0.756360 0.971933 0.000000 0.000000 -0.529613 0.000000 0.000000 0.000000 0.000000 0.000000 0.000000 0.000000 0.000000 0.000000 0.000000 0.000000 0.000000 0.000000 0.000000 0.000000 0.000000 0.000000 0.000000 0.000000 0.000000 0.000000 0.000000 0.000000 0.000000 ;
0.000000 0.000000 0.000000 0.000000 0.000000 0.000000 0.000000 0.000000 0.000000 0.000000 0.000000 0.000000 0.000000 0.000000 0.000000 0.000000 -0.712194 -0.983711 0.000000 0.000000 0.000000 0.000000 0.000000 0.000000 0.000000 0.828905 0.816007 0.000000 0.000000 0.000000 0.000000 0.000000 0.102632 0.000000 0.000000 0.552549 0.000000 0.000000 0.000000 0.416316 0.393912 0.705575 0.959237 0.000000 -0.466601 0.191914 0.161790 -0.762827 0.000000 0.736983 -0.536948 0.326025 -0.964589 0.000000 -0.854558 -0.998987 0.873061 0.191834 -0.099124 -0.411483 -0.606566 0.533271 0.000000 -0.716277 -0.555440 -0.615847 -0.621790 0.000000 0.000000 -0.709613 0.000000 -0.881526 0.000000 0.000000 0.000000 0.000000 0.000000 0.000000 0.000000 0.000000 0.000000 0.000000 0.000000 0.000000 0.000000 -0.965790 0.000000 0.000000 0.000000 -0.856108 0.000000 0.000000 0.000000 0.000000 0.000000 0.000000 0.000000 0.000000 0.000000 0.849715 ;
0.855374 0.000000 0.000000 0.000000 0.000000 0.000000 0.000000 0.000000 0.000000 0.000000 0.000000 0.000000 -0.155298 0.000000 0.000000 0.000000 0.957353 0.000000 0.000000 0.000000 0.000000 0.000000 0.000000 0.000000 0.000000 0.000000 0.000000 -0.683155 0.000000 0.000000 0.707935 0.000000 -0.884926 0.657306 0.019985 0.566293 0.533341 0.533906 0.483302 0.420608 0.402581 0.370521 -0.911309 0.000000 0.897760 0.215820 -0.930441 0.000000 -0.723490 -0.982532 -0.020952 0.005676 -0.726137 0.671791 -0.882879 0.218315 -0.458831 0.000000 0.000000 0.000000 -0.959472 -0.465203 0.000000 0.000000 -0.582180 -0.616955 0.000000 -0.670942 0.000000 0.000000 0.000000 0.000000 -0.234896 0.000000 0.000000 -0.857704 0.000000 0.000000 -0.900218 0.000000 -0.824790 0.000000 -0.685194 -0.945408 0.000000 0.000000 0.000000 0.000000 0.000000 0.000000 0.000000 0.000000 0.000000 0.000000 0.000000 0.000000 0.000000 0.000000 0.000000 0.000000 ;
-0.967427 0.000000 0.000000 0.000000 0.000000 0.000000 0.000000 0.000000 0.000000 0.000000 0.000000 0.000000 0.000000 0.000000 0.000000 0.000000 0.000000 0.000000 -0.893005 0.934444 0.000000 0.000000 0.000000 0.000000 0.866511 -0.559998 -0.021960 0.000000 0.000000 -0.970642 0.000000 0.705820 0.000000 0.650837 0.000000 0.580344 -0.265643 0.000000 0.000000 0.000000 -0.572043 -0.734432 0.000000 0.279566 0.000000 0.200234 0.000000 -0.992584 0.046460 0.680170 -0.201520 -0.867422 0.000000 0.000000 -0.208234 0.000000 0.000000 -0.001363 -0.385416 0.998814 -0.466405 0.000000 0.000000 0.000000 0.000000 0.887108 0.000000 0.000000 0.152088 0.479960 0.000000 0.000000 -0.594926 0.000000 0.000000 -0.863117 -0.878557 0.000000 0.000000 0.000000 0.000000 0.000000 0.000000 0.000000 0.000000 0.000000 0.000000 0.000000 0.000000 0.000000 0.000000 0.000000 0.000000 0.000000 0.000000 0.000000 0.000000 0.000000 0.000000 -0.251259 ;
0.000000 0.000000 0.000000 0.000000 0.000000 0.000000 0.000000 0.999876 0.000000 0.000000 0.000000 0.000000 0.000000 0.000000 0.000000 0.000000 0.000000 -0.238453 0.947609 0.308282 0.125973 0.000000 0.000000 0.000000 0.000000 0.853643 0.000000 0.000000 0.668655 0.000000 0.000000 0.000000 0.000000 0.000000 0.824144 0.000000 0.595086 0.000000 -0.184134 0.960211 -0.463728 0.000000 0.320934 0.279846 0.011914 -0.135330 0.000000 0.134647 0.943902 -0.971400 0.000000 -0.317278 0.898133 0.000000 -0.357325 -0.300657 0.995107 -0.350498 0.816167 0.731747 0.165855 -0.491822 0.483250 -0.901711 -0.601860 0.000000 0.000000 -0.211677 0.000000 0.000000 0.000000 0.000000 0.000000 -0.991101 -0.854127 0.998516 0.000000 0.000000 0.000000 -0.515609 0.000000 0.685475 0.000000 0.000000 0.000000 0.000000 0.000000 0.000000 0.000000 0.644287 0.000000 0.312330 0.000000 0.000000 0.000000 0.000000 0.000000 0.000000 0.984732 0.764339 ;
0.844551 0.000000 0.000000 0.000000 0.000000 0.999537 0.000000 0.000000 0.000000 0.000000 0.000000 0.000000 0.000000 0.000000 0.000000 0.000000 0.000000 0.000000 0.000000 0.953492 0.941307 -0.955706 0.000000 0.000000 0.000000 0.000000 0.852871 0.831882 0.000000 0.777008 0.000000 0.742226 0.696543 0.683415 0.000000 0.376893 0.919928 -0.774962 -0.367988 -0.780313 0.402399 0.000000 0.327454 0.278363 -0.909765 -0.240823 0.152922 -0.802776 0.087613 0.177234 -0.019598 -0.077803 -0.453818 0.000000 -0.188701 0.000000 -0.882631 -0.362086 -0.404413 -0.957237 0.000000 0.000000 -0.535956 -0.593352 0.000000 0.000000 0.589325 -0.702867 -0.757902 -0.760590 -0.792574 0.000000 0.000000 -0.848737 -0.862248 0.000000 0.987920 -0.919271 0.000000 0.000000 -0.302468 0.000000 0.000000 0.552493 -0.909274 0.860448 0.000000 0.000000 -0.993874 0.000000 0.000000 0.000000 0.000000 0.000000 0.000000 0.000000 0.000000 0.000000 0.000000 0.540990 ;
