dia=2.00000;
 mus=11.56413;
 g=0.91032;
 photons=1000000;
 rho=0.00012;
slabsize =0.3458972
launch H
R= 0.10420	 0.01221	 0.00000	 -0.00026
 T= 0.89580	 0.82778	 0.00020	 -0.00009
 launch V
R= 0.10435	 -0.01165	 0.00011	 0.00024
 T= 0.89565	 -0.82786	 0.00024	 -0.00013
 launch P
R= 0.10471	 0.00014	 -0.01206	 0.00031
 T= 0.89529	 -0.00002	 0.82711	 -0.00007
 launch R
R= 0.10410	 0.00016	 -0.00017	 0.06732
 T= 0.89590	 0.00001	 0.00021	 0.87005
 Elapsed Time              =     335.54 seconds
